4 174
116 167
228 163
340 159
452 159
564 158
676 156
788 192
908 240
1020 280
1132 319
1244 355
1356 391
1468 423
1580 455
1692 487
1804 513
1924 543
2036 568
2148 588
2260 608
2372 632
2484 639
2596 664
2708 679
2820 696
2940 711
3052 728
3164 736
3276 768
3388 768
3500 769
3612 782
3724 792
3840 799
3956 807
4068 816
4180 824
4292 830
4404 831
4520 839
4632 847
4744 847
4856 856
4972 864
5084 864
5200 867
5312 871
5424 876
5536 880
5648 881
5760 888
5872 896
5992 896
6104 871
6216 828
6328 782
6440 739
6552 704
6664 664
6776 632
6888 600
7008 568
7120 540
7232 513
7344 487
7456 463
7568 448
7680 423
7792 408
7904 387
8024 369
8136 353
8248 344
8360 319
8472 316
8584 304
8696 287
8808 280
8920 270
9040 255
9152 252
9264 241
9376 231
9488 227
9600 224
9712 216
9828 207
9940 199
10056 195
10168 192
10280 192
10392 184
10508 177
10620 176
10732 167
10844 167
10956 163
11072 159
11188 159
11300 156
11412 156
11524 199
11636 248
11748 287
11860 327
11972 364
12092 399
12204 433
12316 463
12428 494
12540 519
12652 543
12764 568
12876 591
12988 611
13108 632
13220 639
13332 670
13444 684
13556 704
13668 711
13780 728
13892 739
14004 768
14124 768
14236 771
14348 783
14460 792
14572 799
14684 807
14796 816
14908 824
15024 830
15140 831
15252 839
15364 847
15476 847
15588 856
15704 864
15816 864
15928 867
16040 871
16156 880
16268 880
16384 888
16496 896
16608 896
16720 896
16832 865
16944 824
17056 775
17168 736
17284 696
17396 655
17508 624
17620 591
17732 568
17844 536
17956 511
18068 487
18180 463
18300 440
18412 419
18524 399
18636 384
18748 368
18860 352
18972 335
19084 319
19196 312
19316 295
19428 287
19540 280
19652 255
19764 255
19876 248
19988 240
20104 231
20216 225
20332 220
20444 216
20556 207
20668 199
20784 195
20896 192
21008 192
21120 184
21232 177
21348 176
21464 167
21576 167
21688 163
21800 159
21912 159
22024 156
22136 158
22248 207
22368 254
22480 295
22592 335
22704 369
22816 408
22928 440
23040 472
23152 496
23264 524
23384 551
23496 574
23608 595
23720 615
23832 636
23944 654
24056 671
24168 688
24280 704
24400 718
24512 732
24624 743
24736 768
24848 768
24960 775
25072 783
25184 792
25300 799
25416 807
25528 816
25640 824
25752 831
25864 831
25980 839
26092 847
26204 856
26316 860
26432 864
26544 865
26660 871
26772 871
26884 880
26996 880
27108 888
27220 888
27332 896
27452 896
27564 856
27676 812
27788 768
27900 728
28012 688
28124 654
28236 620
28348 590
28468 560
28580 527
28692 504
28804 480
