24 792
136 769
248 736
368 671
480 609
592 536
704 462
816 385
928 319
1040 255
1152 227
1264 207
1384 216
1496 240
1608 280
1720 335
1832 408
1944 483
2056 560
2172 632
2284 696
2400 768
2512 775
2624 792
2736 775
2852 768
2964 704
3076 636
3188 568
3300 487
3416 408
3532 339
3644 280
3756 240
3868 216
3980 207
4092 225
4204 255
4316 316
4436 385
4548 463
4660 540
4772 609
4884 679
4996 736
5108 768
5220 792
5332 783
5452 768
5564 711
5676 655
5788 583
5900 512
6012 433
6124 359
6236 295
6348 252
6468 220
6580 207
6692 224
6804 252
6916 295
7028 359
7140 433
7252 512
7368 583
7484 655
7596 718
7708 768
7820 783
7932 792
8048 768
8160 736
8272 679
8384 611
8500 536
8612 455
8728 384
8840 318
8952 255
9064 227
9176 207
9288 216
9400 240
9520 284
9632 344
9744 414
9856 487
9968 568
10080 636
10192 704
10304 768
10416 775
10536 792
10648 775
10760 768
10872 696
10984 636
11096 561
11208 487
11320 409
11432 344
11552 280
11664 240
11776 216
11888 207
12000 227
12112 255
12224 319
12336 385
12448 462
12568 543
12680 615
12792 679
12904 736
13016 769
13128 792
13244 783
13356 768
13468 716
13584 655
13696 583
13808 511
13924 432
14036 359
14148 295
14260 248
14372 224
14484 207
14600 224
14716 252
14828 304
14940 364
15052 440
15164 513
15276 590
15388 655
15500 718
15612 768
15728 783
15840 792
15952 768
16064 736
16176 679
16288 611
16400 540
16512 463
16624 387
16744 318
16856 255
16968 227
17080 207
17192 216
17304 240
17416 280
17528 335
17644 408
17760 487
17872 568
17984 636
18096 704
18208 768
18324 775
18436 792
18548 775
18660 768
18776 696
18888 632
19004 560
19116 483
19228 408
19340 339
19452 280
19564 240
19676 216
19796 207
19908 227
20020 255
20132 319
20244 385
20356 462
20468 540
20580 611
20692 675
20812 736
20924 769
21036 792
21148 783
21260 768
21372 716
21484 655
21596 588
21708 512
21828 432
21940 359
22052 295
22164 252
22276 224
22388 207
22500 220
22612 252
22724 295
22844 364
22956 440
23068 513
23180 590
23292 655
23404 718
23516 768
23632 783
23744 792
23860 768
23972 732
24084 671
24196 608
24312 536
24424 455
24536 384
24648 319
24760 255
24876 225
24992 207
25104 216
25216 240
25328 284
25440 344
25552 412
25664 487
25776 568
25896 639
26008 704
26120 768
26232 775
26344 792
26456 775
26568 768
26680 696
26792 633
26912 560
27024 480
27136 408
27248 335
27360 280
27472 240
27584 216
27696 207
27808 227
27928 255
28040 319
28152 387
28264 463
28376 543
28488 615
28600 679
28712 736
28828 769
28952 792
29064 783
29176 768
29288 711
29400 639
29512 575
29628 508
29740 432
29852 355
29964 287
30080 248
30192 220
30308 207
30420 224
30532 254
30644 304
30756 368
30868 440
30980 519
31100 600
31212 664
31324 719
31436 768
31548 783
31660 783
31772 768
31884 728
31996 671
32116 604
32228 527
32340 451
32452 384
32564 312
32676 255
32788 225
32900 207
33012 216
33132 241
33244 287
33356 348
33468 415
33580 496
33692 572
33804 639
33916 704
34028 768
34148 780
34260 792
34372 775
34484 743
34596 696
34708 632
34824 556
34936 480
35048 408
35164 327
35276 271
35388 231
35504 216
35616 207
35728 231
35840 255
35952 319
36064 391
36180 472
36296 543
36408 620
36520 688
36632 736
36744 771
36856 792
36968 783
37080 768
37200 707
37312 639
37424 575
37536 504
37648 423
37760 353
37872 287
37984 248
38096 220
38216 207
38328 224
38440 255
38552 304
38664 369
38776 448
38888 519
39000 595
39112 664
39232 728
39344 768
39456 783
39568 783
39680 768
39792 728
39904 671
40020 604
40132 527
40248 448
40360 384
40472 312
40584 255
40700 224
40812 207
40924 216
41036 240
41148 287
41264 352
41380 419
41492 496
41604 575
41716 639
41828 704
41940 768
42052 780
42164 792
42284 771
42396 739
42508 688
42620 624
42732 551
42844 480
42956 399
43068 332
43180 275
43300 231
43412 211
43524 211
43636 231
43748 255
43860 319
43972 391
44084 472
44196 543
44316 624
44428 688
44540 739
44652 775
44764 792
44876 783
44988 768
45100 707
45216 639
45328 575
45444 504
45556 423
45668 352
45780 287
45896 248
46008 220
46120 207
46232 224
46344 255
46460 305
46572 376
46684 448
46796 519
46908 600
47020 664
47132 719
47244 768
47356 783
47476 783
47588 768
47700 728
47812 670
47924 604
48036 527
48148 451
48260 384
48376 312
48492 255
48604 224
48716 207
48828 216
48940 241
49052 287
49168 348
49280 415
49392 496
49508 575
49620 639
49732 705
49848 768
49960 782
50072 792
50184 775
50296 739
50408 696
50524 624
50640 551
50752 476
50864 399
50976 327
51088 271
51200 231
51312 216
51424 207
51544 231
51656 271
51768 327
51880 391
51992 472
52104 543
52216 624
52328 688
52440 736
52560 775
52672 792
52784 782
52896 768
53008 707
53120 639
53232 575
53344 504
53456 423
53576 352
53688 287
53800 248
53912 216
54024 207
54136 224
54248 255
54364 304
54476 369
54592 448
54704 526
54816 600
54928 668
55044 719
55156 768
55268 783
55380 783
55492 768
55608 728
55724 668
55836 600
55948 527
56060 448
56172 384
56284 312
56396 255
56508 224
56628 207
56740 216
56852 241
56964 287
57076 352
57188 415
57300 496
57412 574
57524 639
57644 707
57756 768
57872 783
57984 792
58096 771
58208 737
58320 688
58432 624
58544 543
58660 472
58772 398
58888 319
59000 255
59112 231
59224 211
59340 211
59452 231
59564 271
59676 327
59788 399
59904 480
60020 560
60132 632
60244 696
60356 743
60468 775
60580 792
60692 783
60804 768
60924 704
61036 639
61148 572
61260 496
61372 415
61484 352
61596 287
61708 241
61820 216
61940 207
62052 225
62164 255
62276 312
62388 384
62500 451
62612 527
62724 604
62836 671
62956 732
63068 768
63180 792
63292 783
63404 768
63516 719
63628 664
63740 600
63856 519
63972 448
64084 368
64196 304
64308 255
64420 224
64536 207
64648 220
64760 248
64872 287
64984 355
65100 432
65216 508
65328 575
65440 639
65552 711
65664 768
65776 783
65888 792
66000 775
66120 736
66232 684
66344 615
66456 543
66568 472
66680 391
66792 319
66904 271
67016 231
67136 211
67248 216
67360 231
67472 275
67584 334
67696 399
67808 480
67920 556
68032 632
68152 696
68264 743
68376 775
68488 792
68600 782
68712 768
68824 704
68936 639
69052 572
69168 492
69280 415
69392 344
69504 287
69616 241
69732 216
69844 207
69956 224
70068 255
70184 316
70296 384
70412 455
70524 536
70636 608
70748 671
70860 728
70972 768
71084 792
71204 783
71316 768
71428 719
71540 664
71652 591
71764 519
71876 448
71988 369
72100 305
72220 254
72332 224
72444 207
72556 220
72668 248
72780 291
72892 355
73004 428
73116 504
73236 583
73348 655
73460 711
73572 768
73684 783
73796 792
73908 771
74020 736
74132 688
74252 615
74364 543
74476 463
74588 391
74700 319
74812 255
74924 231
75040 211
75152 216
75268 238
75380 280
75492 335
75604 408
75720 480
75832 560
75944 632
76056 696
76168 743
76284 775
76400 792
76512 782
76624 768
76736 704
76848 639
76960 572
77072 496
77184 415
77304 344
77416 286
77528 240
77640 216
77752 207
77864 224
77976 255
78088 312
78200 384
78320 455
78432 536
78544 608
78656 671
78768 728
78880 768
78992 792
79104 783
79216 768
79336 719
79448 664
79560 591
79672 519
79784 440
79896 368
80008 304
80120 255
80236 224
80348 207
80464 220
80576 248
80688 295
80800 355
80916 432
81028 508
81140 575
81252 652
81364 711
81480 768
81592 783
81704 792
81816 771
81928 736
82040 684
82152 620
82264 543
82376 472
82496 391
82608 319
82720 255
82832 231
82944 211
83056 216
83168 231
83280 275
83396 334
83512 408
83624 480
83736 560
83848 632
83960 696
84076 743
84188 775
84300 792
84412 782
84528 768
84640 704
84756 639
84868 568
84980 496
85092 415
85204 348
85316 286
85428 241
85548 216
85660 207
85772 225
85884 255
85996 316
86108 384
86220 455
86332 531
86444 608
86564 671
86676 732
86792 768
86904 783
87016 783
87128 768
87244 719
87356 664
87472 590
87584 512
87696 440
87808 364
87924 304
88036 252
88148 224
88260 207
88372 220
88488 252
88604 295
88716 359
88828 432
88940 511
89052 583
89164 655
89276 711
89388 768
89508 783
89620 783
89732 768
89844 736
89956 679
90068 611
90180 542
90292 463
90404 387
90524 319
90636 255
90748 227
90860 207
90972 216
91084 240
91196 280
91308 335
91420 408
91540 487
91652 561
91764 636
91876 704
91988 768
92100 775
92212 792
92324 775
92440 768
92556 704
92668 636
92780 568
92892 487
93004 412
93120 344
93232 284
93344 240
93456 216
93572 207
93684 227
93800 255
93912 319
94024 384
94136 455
94248 536
94360 609
94472 671
94592 736
94704 769
94816 792
94928 783
95040 768
95152 716
95264 655
95376 590
95488 513
95608 432
95720 359
95832 295
95944 252
96056 224
96168 207
96280 220
96392 248
96504 295
96624 359
96736 440
96848 512
96960 588
97072 655
97184 718
97296 768
97408 783
97520 792
97640 768
97752 732
97864 671
97976 609
98088 537
98200 462
98316 385
98428 319
98540 255
98656 225
98768 207
98880 216
98996 240
99108 280
99220 339
99332 408
99444 487
99556 561
99668 636
99784 704
99896 768
100008 775
100120 792
100232 775
100344 768
100456 704
100568 638
100680 568
100800 483
100912 412
101024 339
101136 280
101248 240
101360 216
101476 207
101588 227
101700 255
101816 319
101928 385
102040 462
102156 540
102268 609
102380 675
102492 736
102604 768
102716 792
102832 783
102948 768
103060 711
103172 655
103284 583
103396 512
103508 440
103620 359
103732 300
103852 248
103964 224
104076 207
104188 224
104300 248
104412 295
104524 359
104636 432
104748 511
104868 590
104980 655
105092 718
105204 768
105316 783
105428 792
105540 768
105652 736
105764 679
105884 608
105996 536
106108 455
106220 384
106332 319
106444 255
106556 227
106672 207
106784 216
106900 240
107012 280
107124 344
107236 412
107352 487
107464 568
107576 636
107688 704
107800 768
107916 775
108032 792
108144 775
108256 768
108368 696
108480 636
108592 568
108704 487
108816 412
108936 335
109048 280
109160 240
109272 216
109384 207
109496 225
109608 255
109720 318
109832 384
109952 463
110064 542
110176 611
110288 679
110400 736
110512 768
110624 792
110736 783
110848 768
110968 711
111080 655
111192 583
111304 511
111416 432
111528 359
111640 295
111752 252
111868 224
111984 207
112096 224
112208 252
112320 295
112432 359
112548 435
112660 512
112772 588
112884 655
113000 719
113112 768
113228 783
113340 792
113452 768
113564 732
113676 675
113788 609
113900 540
114020 455
114132 384
114244 318
114356 255
114468 227
114580 207
114692 216
114804 240
114916 280
115028 344
115148 414
115260 487
115372 568
115484 638
115596 704
115716 768
115828 780
115940 792
116052 775
116168 739
116284 689
116396 625
116508 556
116620 480
116732 399
116844 334
116956 280
117068 231
117188 216
117300 211
117412 231
117524 255
117636 319
117748 391
117860 467
117972 543
118084 615
118196 688
118316 737
118428 771
118540 792
118652 783
118764 768
118876 711
118988 639
119100 575
119212 508
119332 423
119444 352
119556 287
119668 248
119780 220
119892 207
120004 224
120116 254
120228 304
120348 369
120460 448
120572 519
120684 595
120796 664
120908 719
121020 768
121132 783
121248 783
121364 768
121476 728
121588 671
121700 604
121812 527
121924 451
122040 384
122152 316
122264 255
122380 224
122492 207
122604 216
122720 241
122832 286
122944 348
123056 415
123168 496
123280 572
123396 639
123512 704
123624 768
123736 782
123848 792
123960 775
124072 739
124184 696
124296 632
124416 551
124528 480
124640 399
124752 332
124864 271
124976 231
125088 216
125200 211
125312 227
125432 255
125544 319
125656 391
125768 472
125880 543
125992 620
126104 686
126216 736
126328 771
126448 792
126560 782
126672 768
126784 707
126896 639
127008 575
127120 504
127236 423
127348 355
127464 287
127576 248
127688 216
127800 207
127916 224
128028 255
128140 304
128252 368
128364 448
128480 524
128596 600
128708 664
128820 719
128932 768
129044 783
129156 783
129268 768
129380 728
129500 670
129612 600
129724 527
129836 449
129948 384
130060 312
130172 255
130284 225
130396 207
130516 216
130628 241
130740 287
130852 352
130964 415
131076 496
131188 572
131300 639
131412 704
131532 768
131644 782
131756 792
131868 775
131980 739
132092 689
132204 625
132316 556
132432 480
132548 399
132660 327
132772 271
132884 231
132996 216
133112 207
133224 231
133336 255
133448 319
133564 398
133676 472
133792 547
133904 624
134016 688
134128 737
134240 771
134352 792
134464 783
134576 768
134692 707
134804 639
134916 575
135028 504
135140 428
135252 353
135364 291
135476 248
135588 220
135708 207
135820 224
135932 255
136044 304
136156 368
136268 448
136380 519
136492 591
136604 664
136724 719
136836 768
136948 783
137060 783
137172 768
137284 728
137396 671
137512 608
137624 531
137740 449
137852 384
137964 312
138076 255
138192 224
138304 207
138416 216
138528 240
138640 286
138756 352
138872 415
138984 496
139096 572
139208 639
139320 704
139432 768
139544 780
139656 792
139776 775
139888 739
140000 696
140112 625
140224 551
140336 480
140448 399
140560 334
140672 280
140792 231
140904 216
141016 211
141128 231
141240 255
141352 319
141464 391
141576 467
141688 543
141808 624
141920 688
142032 737
142144 771
142256 792
142368 783
142480 768
142592 711
142704 639
142824 575
142936 504
143048 423
143160 352
143272 287
143384 248
143500 220
143612 207
143724 224
143840 255
143952 305
144064 371
144180 448
144292 519
144404 600
144516 664
144624 718
144736 768
144852 783
144964 792
145076 768
145188 736
145300 679
145416 608
145528 536
145644 460
145756 384
145868 319
145980 255
146092 227
146204 207
146316 216
146436 240
146548 280
146660 344
146772 412
146884 487
146996 561
147108 636
147220 704
147332 768
147452 780
147564 792
147676 775
147788 768
147900 696
148012 636
148124 561
148236 487
148348 412
148460 335
148580 280
148692 240
148804 216
148916 207
149028 227
149140 255
149252 319
149364 384
149480 455
149596 540
149708 611
149820 679
149932 736
150044 768
150156 792
150268 783
150380 768
150492 718
150612 655
150724 583
150836 512
150948 433
151060 359
151172 295
151284 252
151400 224
151512 207
151628 224
151740 252
151852 295
151964 359
152080 433
152192 512
152304 583
152416 655
152528 711
152644 768
152760 783
152872 792
152984 768
153096 736
153208 679
153320 611
153432 540
153544 463
153664 384
153776 318
153888 255
154000 227
154112 207
154224 216
154336 240
154448 280
154560 335
154680 412
154792 487
154904 568
155016 636
155128 704
155240 768
155352 775
155464 792
155576 775
155696 743
155808 696
155920 632
156032 560
156144 483
156256 408
156368 339
156480 280
156596 240
156712 216
156824 207
156936 227
157048 255
157160 319
157276 385
157388 460
157500 540
157612 609
157728 679
157840 736
157956 769
158068 792
158180 783
158292 768
158404 716
158516 655
158628 588
158748 510
158860 432
158972 359
159084 295
159196 252
159308 224
159420 207
159532 224
159644 248
159764 300
159876 366
159988 440
160100 513
160212 590
160324 655
160436 716
160548 768
160660 783
160780 783
160892 768
161004 732
161116 671
161228 608
161340 540
161452 460
161564 385
161676 319
161796 255
161908 227
162020 207
162132 216
162244 240
162356 280
162472 335
162584 412
162696 487
162812 568
162924 638
163036 704
163148 768
163264 775
163376 792
163488 775
163600 768
163712 704
163828 632
163944 560
164056 481
164168 408
164280 335
164392 280
164504 240
164616 216
164728 207
164840 225
164956 255
165068 319
165180 385
165292 462
165404 540
165516 609
165628 671
165740 736
165852 768
165972 792
166084 783
166196 768
166308 716
166420 655
166532 588
166644 512
166756 440
166872 368
166988 295
167100 252
167212 224
167324 207
167436 224
167548 248
167664 295
167776 359
167888 432
168004 513
168116 590
168228 655
168344 718
168456 768
168568 783
168680 792
168792 768
168904 736
169020 671
169136 608
169248 536
169360 460
169472 384
169584 319
169696 255
169808 227
169920 207
170040 216
170152 240
170264 280
170376 339
170488 412
170600 487
170712 561
170824 636
170936 696
171056 768
171168 775
171280 792
171392 775
171504 768
171616 704
171728 636
171840 568
171952 487
172072 408
172184 335
172296 280
172408 240
172520 216
172632 207
172744 227
172860 255
172972 318
173088 387
173200 463
173312 540
173424 611
173540 684
173652 736
173764 771
173876 792
173988 783
174104 768
174216 711
174332 639
174444 575
174556 508
174668 430
174780 355
174896 295
175008 248
175120 220
175232 207
175348 224
175460 254
175576 304
175688 368
175800 440
175912 515
176024 591
176136 664
176248 719
176368 768
176480 783
176592 783
176704 768
176816 728
176928 671
177040 608
177152 536
177264 455
177384 384
177496 312
177608 255
177720 225
177832 207
177944 216
178056 240
178168 284
178280 344
178400 415
178512 496
178624 572
178736 639
178848 704
178960 768
179072 775
179184 792
179296 775
179416 739
179528 689
179640 632
179752 556
179864 480
179976 403
180092 335
180204 280
180316 231
180432 211
180544 209
180656 231
180772 255
180884 319
180996 391
181108 463
181220 543
181332 615
181448 688
181564 736
181676 771
181788 792
181900 783
182012 768
182124 711
182236 639
182348 575
182468 504
182580 423
182692 353
182804 291
182916 248
183028 220
183140 207
183252 224
183364 252
183476 304
183596 369
183708 448
183820 519
183932 591
184044 664
184156 719
184268 768
184380 783
184492 783
184612 768
184724 728
184836 671
184948 604
185060 527
185172 451
185288 384
185400 312
185512 255
185628 224
185740 207
185852 216
185968 240
186080 286
186192 344
186304 415
186416 494
186528 568
186644 639
186760 704
186872 768
186984 780
187096 792
187208 775
187320 743
187432 696
187544 632
187664 551
187776 480
187888 399
188000 327
188112 275
188224 231
188336 216
188448 209
188560 227
188680 255
188792 319
188904 391
189016 472
189128 543
189240 620
189352 688
189464 736
189576 769
189696 792
189808 782
189920 768
190032 707
190144 639
190256 575
190368 504
190484 428
190596 355
190712 287
190824 248
190936 216
191048 207
191164 224
191276 255
191388 304
191500 368
191612 448
191728 524
191844 600
191956 664
192068 719
192180 768
192292 783
192404 783
192516 768
192628 728
192748 670
192860 600
192972 527
193084 449
193196 384
193308 312
193420 255
193532 225
193644 207
193764 216
193876 241
193988 287
194100 352
194212 415
194324 496
194436 572
194548 639
194660 704
194780 768
194892 780
195004 792
195116 775
195228 739
195340 696
195452 625
195564 556
195680 480
195796 399
195908 327
196020 271
196132 231
196244 216
196360 211
196472 231
196584 255
196696 319
196812 398
196924 472
197040 547
197152 624
197264 688
197376 737
197488 771
197600 792
197712 783
197832 768
197944 707
198056 639
198168 575
198280 504
198392 423
198504 353
198616 287
198728 248
198840 220
198960 207
199072 224
199184 255
199296 305
199408 369
199520 448
199632 519
199744 600
199856 664
199976 728
200088 768
200200 783
200312 783
200424 768
200536 728
200648 670
200760 604
200872 527
200992 448
201104 384
201216 312
201328 255
201440 224
201552 207
201668 216
201780 241
201892 286
202008 352
202120 419
202232 497
202348 575
202468 639
202580 707
202692 768
202804 782
202924 792
203036 771
203148 736
203260 688
203372 620
203484 543
203596 472
203708 391
203820 327
203940 255
204052 231
204164 211
204276 211
204388 231
204500 271
204612 327
204724 399
204836 476
204956 556
205068 632
205180 696
205292 743
205404 775
205516 792
205628 782
205740 768
205856 705
205972 639
206084 572
206196 496
206308 415
206420 352
206536 287
206648 241
206760 216
206872 207
206988 224
207100 255
207216 312
207328 384
207440 451
207552 527
207664 604
207776 670
207888 728
208008 768
208120 783
208232 783
208344 768
208456 719
208568 664
208680 600
208792 519
208904 448
209024 368
209136 304
209248 255
209360 224
209472 207
209584 216
209696 248
209808 287
209920 352
210040 428
210152 504
210264 575
210376 639
210488 711
210600 768
210712 783
210824 792
210936 771
211056 736
211168 684
211280 615
211392 543
211504 472
211616 391
211732 319
211844 255
211956 231
212072 211
212184 216
212296 231
212412 275
212524 334
212636 399
212748 480
212860 556
212972 625
213084 696
213200 743
213312 775
213424 792
213536 780
213648 768
213760 704
213872 639
213984 574
214096 497
214216 415
214328 348
214440 287
214552 241
214664 216
214776 207
214892 224
215004 255
215116 312
215232 384
215344 451
215456 527
215572 604
215684 671
215796 728
215908 768
216020 783
216132 783
216248 768
216364 719
216476 664
216588 591
216700 519
216812 448
216924 376
217036 305
217148 255
217268 224
217380 207
217492 217
217604 248
217716 287
217828 352
217940 423
218052 504
218164 575
218284 639
218396 711
218508 768
218620 783
218732 792
218844 771
218956 736
219068 688
219180 622
219300 543
219412 467
219524 391
219636 319
219748 255
219860 231
219972 211
220088 216
220200 231
220316 275
220428 334
220540 399
220652 480
220768 556
220880 632
220992 696
221104 743
221216 775
221332 792
221448 780
221560 768
221672 704
221784 639
221896 572
222008 496
222120 415
222232 352
222352 286
222464 240
222576 216
222688 207
222800 224
222912 255
223024 312
223136 384
223248 449
223368 536
223480 608
223592 671
223704 728
223816 768
223928 792
224040 783
224152 768
224264 719
224384 664
224496 591
224608 519
224720 448
224832 368
224944 304
225056 255
225168 224
225284 207
225400 220
225512 248
225624 291
225736 355
225848 428
225964 508
226076 575
226188 639
226300 711
226416 768
226528 783
226644 792
226756 771
226868 736
226980 684
227092 615
227204 543
227316 472
227436 387
227548 319
227660 255
227772 231
227884 207
227996 216
228108 231
228220 271
228332 334
228444 408
228564 481
228676 560
228788 632
228900 696
229012 743
229124 775
229236 792
229348 780
229460 768
229580 704
229692 639
229804 568
229916 492
230028 415
230140 348
230252 286
230364 241
230480 216
230596 207
230708 225
230820 255
230932 312
231044 384
231160 455
231272 531
